Version 0.9.7
5
 4 10 175 77 128 0 1
 5 80 400 206 81 2 2
 0 110 131 877 276 8 3
 1 207 452 206 81 146 4
 2 422 451 206 81 156 5
 0
30
 16711680 5 71 288 71 288 71 379 71 379 163 379 163 379 0 1 0 3
 16711680 5 71 189 71 189 71 158 71 158 163 158 163 158 0 1 0 3
 16711680 5 137 249 137 249 137 249 137 288 137 288 137 288 0 3 0 3
 16711680 5 150 249 150 249 150 249 150 288 150 288 150 288 0 3 0 3
 16711680 5 163 249 163 249 163 249 163 288 163 288 163 288 0 3 0 3
 16711680 5 176 249 176 249 176 249 176 288 176 288 176 288 0 3 0 3
 16711680 5 189 249 189 249 189 249 189 288 189 288 189 288 0 3 0 3
 16711680 5 437 520 437 520 384 520 384 520 384 379 384 379 0 5 0 3
 16711680 5 437 462 437 462 437 462 423 462 423 392 423 392 0 5 0 3
 16711680 5 222 463 222 463 222 409 176 409 176 392 176 392 0 4 0 3
 16711680 5 222 521 222 521 189 521 189 521 189 379 189 379 0 4 0 3
 16711680 5 137 340 137 340 137 450 263 450 263 463 263 463 0 3 0 4
 16711680 5 150 340 150 340 148 340 148 442 282 442 282 463 0 3 0 4
 16711680 5 163 340 163 340 163 433 301 433 301 463 301 463 0 3 0 4
 16711680 5 320 463 320 463 320 424 176 424 176 340 176 340 0 4 0 3
 16711680 5 189 340 189 340 189 415 339 415 339 463 339 463 0 3 0 4
 16711680 5 202 288 202 288 202 288 202 249 202 249 202 249 0 3 0 3
 16711680 5 478 462 478 462 478 401 202 401 202 340 202 340 0 5 0 3
 16711680 5 345 340 345 340 345 340 345 379 345 379 345 379 0 3 0 3
 16711680 5 254 197 254 197 254 197 254 158 254 158 254 158 0 3 0 3
 16711680 5 384 197 384 197 384 197 384 158 384 158 384 158 0 3 0 3
 16711680 5 475 340 475 340 475 340 475 379 475 379 475 379 0 3 0 3
 16711680 5 514 197 514 197 514 197 514 158 514 158 514 158 0 3 0 3
 16711680 5 605 340 605 340 605 340 605 379 605 379 605 379 0 3 0 3
 16711680 5 644 197 644 197 644 197 644 158 644 158 644 158 0 3 0 3
 16711680 5 722 340 722 340 722 340 722 379 722 379 722 379 0 3 0 3
 16711680 5 852 340 852 340 852 340 852 379 852 379 852 379 0 3 0 3
 16711680 5 774 197 774 197 774 197 774 158 774 158 774 158 0 3 0 3
 16711680 5 878 197 878 197 878 197 878 158 878 158 878 158 0 3 0 3
 16711680 5 956 340 956 340 956 379 956 379 930 379 930 379 0 3 0 3
6
 7153 1 16 248 249 5 0 1982306352 0 3
 7153 1 16 378 249 5 0 1982306352 0 3
 7153 1 16 508 249 5 0 1982306352 0 3
 7074 1 14 638 249 5 0 1982306352 0 3
 7074 1 14 768 249 5 0 1982306352 0 3
 7074 1 14 872 249 5 0 1982306352 0 3
