Version 0.9.7
6
 4 10 175 77 128 0 1
 5 80 400 206 81 2 2
 0 110 110 877 276 8 3
 2 238 15 206 81 140 4
 3 516 0 203 58 150 5
 1 195 432 206 81 159 6
 0
37
 255 5 71 189 71 189 71 138 163 138 163 137 163 137 0 1 0 3
 255 5 71 202 71 202 71 26 71 26 253 26 253 26 0 1 0 4
 255 5 71 215 71 215 49 215 49 443 210 443 210 443 0 1 0 6
 0 5 527 37 527 37 527 7 82 7 82 262 71 262 0 5 0 1
 0 5 71 275 71 275 61 275 61 501 210 501 210 501 0 1 0 6
 16777088 5 270 443 270 443 270 280 270 280 306 280 306 280 0 6 0 3
 16777088 5 319 280 319 280 419 280 419 240 449 240 449 215 0 3 0 3
 16776960 5 319 293 313 293 313 268 743 268 743 215 748 215 0 3 0 3
 4194368 5 800 176 846 176 846 260 436 260 436 280 436 280 0 3 0 3
 16744703 5 774 280 774 280 774 272 449 272 449 280 449 280 0 3 0 3
 16744448 5 462 215 462 215 462 299 644 299 644 293 644 293 0 3 0 3
 16744703 5 722 293 722 293 727 293 727 215 735 215 735 215 0 3 0 3
 16744703 5 722 319 722 319 722 329 251 329 251 443 251 443 0 3 0 6
 16744703 5 787 215 798 215 798 195 657 195 657 215 657 215 0 3 0 3
 16744703 5 787 202 766 202 766 238 603 238 603 280 592 280 0 3 0 3
 4227327 5 618 293 618 293 618 293 631 293 631 293 631 293 0 3 0 3
 128 5 657 306 657 306 657 306 735 306 735 306 735 306 0 3 0 3
 16711935 5 774 306 774 337 638 337 638 202 644 202 644 202 0 3 0 3
 4227327 5 670 215 670 215 670 221 371 221 371 215 371 215 0 3 0 3
 65535 5 748 293 748 293 756 293 756 215 761 215 761 215 0 3 0 3
 65535 5 748 319 748 319 748 373 213 373 213 39 294 39 0 3 0 4
 255 5 306 176 306 176 306 176 306 137 306 137 306 137 0 3 0 3
 255 5 436 176 436 176 436 176 436 137 436 137 436 137 0 3 0 3
 255 5 592 176 592 176 592 176 592 137 592 137 592 137 0 3 0 3
 255 5 722 176 722 176 722 176 722 137 722 137 722 137 0 3 0 3
 0 5 384 319 384 319 384 319 384 358 384 358 384 358 0 3 0 3
 0 5 71 288 71 288 163 288 163 288 163 358 163 358 0 1 0 3
 0 5 514 319 514 319 514 319 514 358 514 358 514 358 0 3 0 3
 0 5 800 319 800 319 800 319 800 358 800 358 800 358 0 3 0 3
 0 5 670 319 670 319 670 319 670 358 670 358 670 358 0 3 0 3
 0 5 253 84 253 84 253 50 71 50 71 249 71 249 0 4 0 1
 0 5 384 215 384 215 384 93 562 93 562 44 562 44 0 3 0 5
 0 5 774 293 862 293 862 80 582 80 582 44 582 44 0 3 0 5
 0 5 787 189 787 189 602 189 602 189 602 44 602 44 0 3 0 5
 0 5 306 306 306 306 306 306 605 306 605 306 605 306 0 3 0 3
 16711680 5 930 137 930 137 930 137 930 371 930 371 930 371 0 3 0 3
 16711680 5 917 358 917 358 917 358 917 124 917 124 917 124 0 3 0 3
4
 7004 1 14 300 228 5 0 0 20148 3
 7000 1 14 586 228 5 0 0 20148 3
 7010 1 14 430 228 5 0 0 20148 3
 7074 1 14 716 228 5 0 0 20148 3
