Version 0.9.7
5
 4 10 175 77 128 0 1
 5 80 400 206 81 2 2
 0 183 124 877 276 8 3
 1 135 440 206 81 140 4
 3 145 560 203 58 150 5
 0
35
 16711680 5 71 288 71 288 102 288 102 597 156 597 156 597 0 1 0 5
 16711680 5 71 275 71 275 87 275 87 509 150 509 150 509 0 1 0 4
 16711680 5 71 189 71 189 94 189 94 451 150 451 150 451 0 1 0 4
 255 5 191 451 191 451 191 333 191 333 210 333 210 333 0 4 0 3
 255 5 210 451 210 451 210 333 210 333 223 333 223 333 0 4 0 3
 255 5 229 451 229 451 229 333 229 333 236 333 236 333 0 4 0 3
 255 5 249 333 249 333 248 333 248 333 248 451 248 451 0 3 0 4
 255 5 210 281 210 281 210 281 210 242 210 242 210 242 0 3 0 3
 255 5 223 281 223 281 223 281 223 242 223 242 223 242 0 3 0 3
 255 5 236 242 236 242 236 242 236 281 236 281 236 281 0 3 0 3
 255 5 249 242 249 242 249 242 249 281 249 281 249 281 0 3 0 3
 255 5 236 320 236 320 236 320 314 320 314 320 314 320 0 3 0 3
 255 5 236 307 236 307 236 307 327 307 327 307 327 307 0 3 0 3
 8388736 5 249 229 249 229 249 229 327 229 327 229 327 229 0 3 0 3
 8388736 5 249 216 249 216 249 216 340 216 340 216 340 216 0 3 0 3
 16711680 5 379 190 379 190 379 190 210 190 210 190 210 190 0 3 0 3
 16711680 5 353 203 353 203 353 203 366 203 366 203 366 203 0 3 0 3
 32768 5 191 464 191 464 191 423 977 423 977 333 977 333 0 4 0 3
 32768 5 210 464 210 464 210 433 990 433 990 333 990 333 0 4 0 3
 32768 5 229 464 229 464 229 444 1003 444 1003 333 1003 333 0 4 0 3
 32768 5 248 464 248 464 1016 464 1016 464 1016 333 1016 333 0 4 0 3
 32768 5 977 320 977 320 977 320 548 320 548 320 548 320 0 3 0 3
 32768 5 340 294 340 294 340 294 561 294 561 294 561 294 0 3 0 3
 32768 5 990 307 990 307 990 90 561 90 561 229 561 229 0 3 0 3
 16744703 5 340 307 340 307 340 307 574 307 574 307 574 307 0 3 0 3
 16744703 5 353 229 409 229 409 342 587 342 587 307 587 307 0 3 0 3
 16744703 5 977 307 977 307 977 307 600 307 600 307 600 307 0 3 0 3
 33023 5 574 229 574 229 574 229 587 229 587 229 587 229 0 3 0 3
 33023 5 600 216 600 216 600 294 600 294 613 294 613 294 0 3 0 3
 33023 5 392 190 392 190 392 190 613 190 613 190 613 190 0 3 0 3
 33023 5 626 229 657 229 657 647 191 647 191 604 191 604 0 3 0 5
 4194368 5 626 294 626 294 626 412 159 412 159 262 71 262 0 3 0 1
 4194368 5 71 202 71 202 314 202 314 202 314 203 314 203 0 1 0 3
 4194368 5 71 215 159 215 159 58 548 58 548 216 548 216 0 1 0 3
 4194368 5 392 333 392 333 392 405 167 405 167 249 71 249 0 3 0 1
2
 7000 1 14 308 242 5 0 1991088176 0 3
 7010 1 14 542 242 5 0 1991088176 0 3
