Version 0.9.7
5
 4 6 44 77 128 0 1
 5 80 400 206 81 2 2
 0 110 110 877 276 8 3
 1 179 398 206 81 146 4
 3 570 399 203 58 168 5
 0
32
 16711680 5 930 124 930 124 930 124 930 358 930 358 930 358 0 3 0 3
 16711680 5 917 137 917 137 917 137 917 371 917 371 917 371 0 3 0 3
 16711680 5 67 118 67 118 163 118 163 118 163 124 163 124 0 1 0 3
 16711680 5 67 58 67 58 163 58 163 58 163 137 163 137 0 1 0 3
 16711680 5 189 358 189 358 189 467 189 467 194 467 194 467 0 3 0 4
 16711680 5 202 371 202 371 202 409 202 409 194 409 194 409 0 3 0 4
 16711680 5 235 409 235 409 228 409 228 409 228 319 228 319 0 4 0 3
 16711680 5 254 409 254 409 254 409 254 319 254 319 254 319 0 4 0 3
 16711680 5 273 409 273 409 280 409 280 409 280 319 280 319 0 4 0 3
 16711680 5 228 267 228 267 228 267 228 228 228 228 228 228 0 3 0 3
 16711680 5 254 267 254 267 254 267 254 228 254 228 254 228 0 3 0 3
 16711680 5 280 267 280 267 280 267 280 228 280 228 280 228 0 3 0 3
 16711680 5 436 176 436 176 436 176 436 137 436 137 436 137 0 3 0 3
 16711680 5 514 319 514 319 514 319 514 358 514 358 514 358 0 3 0 3
 16711680 5 254 215 254 215 254 215 449 215 449 215 449 215 0 3 0 3
 16711680 5 462 202 462 202 462 202 280 202 280 202 280 202 0 3 0 3
 16711680 5 475 202 475 202 475 202 488 202 488 202 488 202 0 3 0 3
 16711680 5 475 215 475 215 475 215 644 215 644 215 644 215 0 3 0 3
 16711680 5 631 176 631 176 631 176 631 137 631 137 631 137 0 3 0 3
 16711680 5 709 319 709 319 709 319 709 358 709 358 709 358 0 3 0 3
 16711680 5 501 189 501 189 501 189 228 189 228 189 228 189 0 3 0 3
 16711680 5 501 176 501 176 501 176 657 176 657 176 657 176 0 3 0 3
 16711680 5 670 215 670 215 670 215 670 280 670 280 670 280 0 3 0 3
 16711680 5 657 293 657 293 657 293 683 293 683 293 683 293 0 3 0 3
 16711680 5 631 280 631 280 631 280 280 280 280 280 280 280 0 3 0 3
 16711680 5 254 293 254 293 254 293 644 293 644 293 644 293 0 3 0 3
 16711680 5 581 436 581 436 553 436 553 436 553 358 553 358 0 5 0 3
 16711680 5 514 189 514 189 514 189 865 189 865 189 865 189 0 3 0 3
 16711680 5 696 306 696 306 696 306 813 306 813 306 813 306 0 3 0 3
 16711680 5 813 319 813 319 813 494 616 494 616 443 616 443 0 3 0 5
 16711680 5 865 228 865 228 865 228 865 267 865 267 865 267 0 3 0 3
 16711680 5 865 319 865 319 865 472 636 472 636 443 636 443 0 3 0 5
2
 7086 1 14 430 228 5 0 0 18272 3
 7000 1 14 625 228 5 0 0 18272 3
